3.963067127136779000e-01
1.164352757135182159e+00
1.097416983170551363e+00
1.763257617455244342e+00
2.056297946085190009e+00
4.059629819154605412e-01
1.407599556096622129e+00
1.083453056337493337e+00
1.041811531749283981e+00
1.595134380120805551e+00
7.705118919277358369e-01
1.495784857701438320e+00
1.101108494449937636e+00
1.806352257383360138e+00
1.589417001976224153e+00
6.979123435838007206e-01
1.501031478104732031e+00
1.081126906527380527e+00
1.816253642372486876e+00
1.587509272474139088e+00
7.390239530606884655e-01
1.493483221772567537e+00
1.120092673213626044e+00
2.295977339839112119e+00
1.585063040164386150e+00
7.709988854027034488e-01
1.448113609518359324e+00
1.100786361378124356e+00
1.800317810673928820e+00
1.596817137020812405e+00
4.049111800385578608e-01
1.441648894482827625e+00
9.529354454917637884e-01
1.551710540549190220e+00
1.668101347003536183e+00
7.618156203849443253e-01
1.493505595699747612e+00
9.553665263167694377e-01
1.816253642372486876e+00
1.593914653448436081e+00
3.906030497977134863e-01
1.461031662158114530e+00
8.218227596681717539e-01
1.814346447605066359e+00
1.634522353771932002e+00
7.708450978760650329e-01
1.399232279769024645e+00
1.127558211908483266e+00
1.799393381382636381e+00
1.484487614219352825e+00
2.482197442196997783e-01
9.781854313127790190e-01
2.803060993283807978e-01
1.799163987494985850e+00
2.360847967556437776e+00
7.899531542923213800e-01
1.443725262849120838e+00
1.072490232281264166e+00
1.811247781279920144e+00
1.588215110896566085e+00
6.509930469528105723e-01
1.435721100012863571e+00
1.083891365685128338e+00
1.794711127572256704e+00
1.585205914520153359e+00
7.710388546517487063e-01
1.387926670736816970e+00
3.040284327619643179e+00
1.779004432189228213e+00
1.584850674583369035e+00
7.888686871947735435e-01
1.691752676854368698e+00
8.743469803496476400e-01
1.809951240808852724e+00
1.596474607086248554e+00
3.616025187157785870e-01
9.345658894541427619e-01
1.101678530039836179e+00
1.816253642372486876e+00
2.358046015781407156e+00
4.089922894071904569e-01
1.276343642281547508e+00
1.082828504739968389e+00
1.838908249783121951e+00
1.588359906471852323e+00
7.710450851746510903e-01
1.383051681719082104e+00
1.096606602004228659e+00
1.418528191094482027e+00
1.659357871290742636e+00
4.079214563412518757e-01
1.400360729963057160e+00
1.063665758082201762e+00
1.808430363598679147e+00
1.593772664527399741e+00
7.078318614660382702e-01
1.438844453829243974e+00
1.100786361378124356e+00
1.802396179131680043e+00
1.596911721086244906e+00
