4.031704509491640387e-01
1.100528360299954267e+00
1.174738505785857035e+00
1.289336650519932848e+00
1.390149179745497232e+00
2.407848309590537195e+00
7.709116375871114535e-01
1.064434860488432832e+00
1.174155764982543149e+00
1.320654393643505564e+00
1.743250080621010722e+00
2.425339014763001622e+00
7.888847581715637824e-01
8.324145336163218944e-01
1.021260726014170839e+00
1.246085811515974084e+00
1.456526632855742465e+00
1.384925884288381592e+00
7.679154702866078930e-01
1.100786361378124356e+00
1.215631889285152534e+00
1.293116388654035109e+00
1.446261480927216958e+00
2.428553279115992058e+00
7.613952398200051208e-01
1.098839003255483782e+00
1.200856171402123973e+00
1.291482782192816536e+00
1.430816497157444633e+00
2.412869123376211622e+00
7.885430358717387955e-01
1.083118928057583474e+00
1.134622228786986264e+00
1.494788694553193631e+00
1.525683082719724748e+00
2.417341353485426225e+00
7.712397854136888720e-01
1.095623553249125637e+00
1.509055329705076165e+00
1.292908398617581112e+00
1.652550991219746246e+00
2.409653775012245980e+00
7.810883607623115843e-01
1.165713828199334445e+00
1.134596129953271193e+00
1.234596044185746866e+00
1.440432007262685943e+00
2.413271018555282588e+00
6.960004568304362094e-01
1.101899170769868208e+00
2.051978386357530049e+00
1.220176483195546613e+00
1.459067250189663323e+00
2.980565465931733993e+00
7.111392078476234113e-01
1.078252076263897630e+00
1.086809351725474659e+00
1.275096813402697649e+00
1.491342857729080151e+00
2.475994637780399188e+00
2.562941526465740694e-01
1.130681775113272503e+00
1.056220643067441456e+00
1.475349196336389612e+00
1.454581242276451913e+00
2.407902761110324530e+00
8.067223488289350097e-01
6.438056287007336564e-01
3.840543496365655951e+00
1.487462941588326926e+00
9.782734306991077711e-01
2.528141260001377955e+00
7.710714603320024674e-01
8.339486984314903317e-01
1.179070161646244230e+00
1.443017999034601484e+00
1.392997963289066776e+00
2.407848309590537195e+00
3.858174512541571177e-01
1.186588890033577481e+00
1.188395951097843684e+00
1.293788016675427199e+00
1.454430601183775984e+00
2.407848309590537195e+00
8.066829235334355142e-01
8.282414173589596196e-01
1.173707493785498102e+00
1.154861038858314037e+00
1.450462646041409842e+00
2.396995837913926231e+00
6.960983415256877249e-01
1.090861431479999144e+00
1.173707493785498102e+00
1.293338450818197316e+00
1.117459817044397452e+00
2.404811539363993944e+00
7.907170622225229151e-01
1.101041819517975862e+00
1.173707493785498102e+00
1.257241554656585603e+00
1.441919121771322532e+00
2.410753995890808632e+00
7.538047694169437429e-01
1.016592456679226153e+00
1.108839002672401541e+00
1.277341814592064528e+00
1.471656409309633595e+00
2.573031139186909844e+00
7.570060894606351898e-01
9.474223939454349264e-01
1.062108024816020624e+00
1.295597927129660487e+00
1.441974821552167496e+00
2.407607501053720345e+00
7.568306300090169580e-01
1.016796134184788869e+00
1.175010914118641780e+00
1.284002205225127868e+00
9.852934409172150465e-01
2.430235492249265938e+00
